    16.00     05.70    06.40     03.30    03.00     America
    12.00     08.80    06.89     03.99    02.00     America
    16.00     04.00    05.37     03.81    03.70     America
    17.00     03.00    09.54     01.74    01.60     America
    19.00     02.10    03.95     04.47    04.46     America
    11.00     09.00    06.87     03.01    03.00     America
    12.00     08.00    07.54     02.67    02.67     America
    13.00     07.00    09.04     01.92    01.92     America
    15.00     05.00    05.24     03.82    03.82     America
    17.00     03.00    05.50     03.69    03.69     America
    18.00     02.00    08.30     02.29    02.29     America
    16.00     04.00    07.07     02.91    02.90     America
    18.00     02.00    07.68     02.60    02.60     America
    17.00     03.00    10.00     01.80    01.04     America
    12.00     04.00    09.70     01.68    01.50     America
    13.00     06.00    04.50     04.28    04.10     America
    16.00     04.00    05.80     03.58    03.50     America
    14.00     06.00    08.35     02.27    02.26     America
    08.00     07.00    08.50     02.50    07.00     Espanho
    12.00     03.00    11.50     03,50    03.00     Espanho
    06.00     09.00    09.00	 06.00	  03.00     Espanho
    11.00     04.00    09.00	 05.00    04.00     Espanho
    10.50     04.50    07.00	 07.00    04.00     Espanho
    11.00     03.00    08.00     04.00    03.00     Frances
    07.00     07.00    06.00     06.00    03.00     Frances
    07.50     06.50    06.00     06.00    03.00     Frances
    06.00     10.00    06.00     06.00    02.00     Brasile
    08.50     07.50    06.00     06.00    02.00     Brasile
    09.70     06.30    06.00     06.00    02.00     Brasile
    09.35     06.65    06.00     06.00    02.00     Brasile
    07.64     08.36    06.00     06.00    02.00     Brasile
    06.40     09.60    06.00     06.00    02.00     Brasile
    08.60     07.40    06.00     06.00    02.00     Brasile
    09.75     06.25    06.00     06.00    02.00     Brasile
    09.36     06.64    06.00     06.00    02.00     Brasile
    07.67     08.33    06.00     06.00    02.00     Brasile
