    10.00    10.00    07.24    03.50    02.10     America
    08.00    11.00    06.24    03.64    03.00     America
    18.00    05.40    07.87    02.50    02.05     America
    08.00    12.00    07.34    02.84    02.70     America
    13.00    12.00    05.26    04.02    03.60     America
    15.00    16.40    04.27    04.31    04.30     America
    11.00    15.50    08.12    05.18    04.06     America
    18.00    06.00    05.32    04.48    03.08     America
    09.00    12.00    03.45    04.73    04.70     America
    15.00    06.00    10.10    01.40    01.40     America
    13.00    09.00    05.75    03.57    03.56     America
    17.00    06.00    06.58    03.22    03.10     America
    18.00    04.00    04.25    04.33    04.30     America
    16.00    05.70    06.40    03.30    03.00     America
    12.00    08.80    06.89    03.99    02.00     America
    16.00    04.00    05.37    03.81    03.70     America
    17.00    03.00    09.54    01.74    01.60     America
    19.00    02.10    03.95    04.47    04.46     America
    11.00    09.00    06.87    03.01    03.00     America
    12.00    08.00    07.54    02.67    02.67     America
    13.00    07.00    09.04    01.92    01.92     America
    15.00    05.00    05.24    03.82    03.82     America
    17.00    03.00    05.50    03.69    03.69     America
    18.00    02.00    08.30    02.29    02.29     America
    16.00    04.00    07.07    02.91    02.90     America
    18.00    02.00    07.68    02.60    02.60     America
    17.00    03.00    10.00    01.80    01.04     America
    12.00    04.00    09.70    01.68    01.50     America
    13.00    06.00    04.50    04.28    04.10     America
    16.00    04.00    05.80    03.58    03.50     America
    14.00    06.00    08.35    02.27    02.26     America
    17.00    03.00    07.58    02.70    02.60     America
    11.00    09.00    06.24    03.64    03.00     America
    10.00    10.00    05.32    03.84    03.70     America
    17.00    03.00    07.24    02.84    02.80     America
    10.00    10.00    09.40    01.78    01.70     America
    18.00    04.00    05.12    03.96    03.80     America
    18.00    02.00    06.12    03.46    03.30     America
    16.00    04.00    08.25    02.33    02.30     America
    10.56    04.43    09.00    05.00    04.00     Espanho
    09.00    06.00    10.00    04.00    04.00     Espanho
    07.00    08.00    08.00    06.00    04.00     Espanho
    08.00    07.00    08.50    02.50    07.00     Espanho
    12.00    03.00    11.50    03.50    03.00     Espanho
    06.00    09.00    09.00	   06.00    03.00     Espanho
    11.00    04.00    09.00	   05.00    04.00     Espanho
    10.50    04.50    07.00	   07.00    04.00     Espanho
    15.00    00.00    06.00	   05.00    07.00     Espanho
    09.56    05.43    08.50    05.50    04.00     Espanho
    10.00    05.00    07.50    03.50    07.00     Espanho
    10.75    03.25    09.00	   05.00    04.00     Espanho
    05.50    09.50    07.50	   05.00    05.50     Espanho
    10.75    04.25    09.32    05.32    03.36     Espanho
    08.64    06.36    10.16    03.64    04.16     Espanho
    07.50    07.50    08.08    05.32    04.72     Espanho
    07.55    07.45    08.50    07.00    02.50     Espanho 
    11.64    03.36    10.54    03.82    03.64     Espanho
    10.80    04.20    08.30	   05.50    04.20     Espanho
    06.50    08.50    07.20	   05.30    05.50     Espanho
    07.00    07.00    06.00    06.00    03.00     Frances
    08.00    06.00    06.00    05.00    04.00     Frances
    09.00    05.00    06.00    05.00    04.00     Frances
    10.00    04.00    07.00    05.00    03.00     Frances
    11.00    03.00    08.00    04.00    03.00     Frances
    07.00    07.00    06.00    06.00    03.00     Frances
    07.50    06.50    06.00    06.00    03.00     Frances
    07.75    06.25    06.00    05.00    04.00     Frances
    08.45    05.55    06.00    05.00    04.00     Frances
    09.96    04.04    07.00    05.00    03.00     Frances
    09.32    04.68    08.00    04.00    03.00     Frances
    06.55    07.45    06.00    06.00    03.00     Frances
    07.50    06.50    06.30    05.40    03.30     Frances
    07.75    06.25    05.80    05.20    04.00     Frances
    08.45    05.55    07.20    04.20    03.60     Frances
    09.96    04.04    06.60    05.10    03.30     Frances
    09.32    04.68    07.40    04.40    03.20     Frances
    06.55    07.45    06.10    05.44    03.46     Frances
    06.89    07.11    06.27    04.57    04.16     Frances
    07.35    06.65    05.34    05.26    04.40     Frances
    08.74    05.26    05.80    05.06    04.14     Frances
    09.60    04.40    06.70    05.25    03.05     Frances
    10.27    03.73    06.50    04.20    04.30     Frances
    07.42    06.68    06.90    05.06    03.04     Frances
    07.54    06.47    05.70    06.20    03.10     Frances
    07.75    06.25    06.00    05.00    04.00     Frances
    08.00    08.00    06.00    06.00    02.00     Brasile
    09.00    07.00    07.00    05.00    02.00     Brasile
    10.00    06.00    06.00    05.00    03.00     Brasile
    07.00    09.00    05.00    04.00    06.00     Brasile
    06.00    10.00    06.00    06.00    02.00     Brasile
    08.50    07.50    06.00    06.00    02.00     Brasile
    09.70    06.30    06.00    06.00    02.00     Brasile
    09.35    06.65    06.00    06.00    02.00     Brasile
    07.64    08.36    06.00    06.00    02.00     Brasile
    06.40    09.60    06.00    06.00    02.00     Brasile
    08.60    07.40    06.00    06.00    02.00     Brasile
    09.75    06.25    06.00    06.00    02.00     Brasile
    09.36    06.64    06.00    06.00    02.00     Brasile
    07.67    08.33    06.00    06.00    02.00     Brasile
    06.42    09.58    06.00    06.00    02.00     Brasile
    08.00    08.00    06.50    04.20    03.30     Brasile
    09.00    07.00    07.30    04.30    02.40     Brasile
    10.00    06.00    05.70    05.20    03.10     Brasile
    07.00    09.00    05.15    04.30    05.55     Brasile
    06.00    10.00    05.67    06.20    02.13     Brasile
    08.50    07.50    06.80    05.06    02.14     Brasile
    09.70    06.30    05.30    06.30    02.40     Brasile
    09.35    06.65    07.00    03.00    03.00     Brasile
    07.64    08.36    05.90    06.05    02.05     Brasile